numVec <- c(1:1000)
newVec <- numVec %% 13 == 0
